Benjamin

e = 18.716983334793
d = 12.072789889969
s = 10.963721799025
t = 9.8809211102355
n = 7.9400519510843
y = 6.708402650089
r = 6.2428859119166
o = 5.0900388173832
f = 4.1064705367306
g = 3.5315062895835
h = 2.8485538335814
l = 2.1145258733911
m = 1.7409450427575
w = 0.8507719697633
k = 0.77342906342118
p = 0.3940110323089
u = 0.33126112716341
a = 0.3122902256078
c = 0.23348801914602
x = 0.075883606222456
b = 0.053994104427517
z = 0.020430201675277
i = 0.018970901555614
v = 0.0014593001196626
j = 0.0014593001196626

e = 21.332101222633
t = 12.404037531987
d = 11.84247938584
s = 8.6046346317885
n = 6.767131077623
r = 5.9105771964743
y = 5.4663065112312
o = 4.9545066818311
g = 3.802957065681
f = 3.220073926642
l = 2.57676997441
h = 2.44882001706
u = 1.4927495024168
k = 1.4110036963321
w = 1.3150412283196
m = 1.2723912425363
p = 0.77480807506397
a = 0.19192493602502
c = 0.085299971566676
x = 0.063974978675007
i = 0.056866647711117
b = 0.017770827409724
v = 0.0035541654819448
q = 0.0035541654819448

e = 20.614578539314
s = 13.585513505859
d = 12.553545509258
n = 8.3672602400255
t = 7.9902290508727
y = 6.6962863312918
r = 6.0891422097922
f = 4.818210783446
o = 4.6748327255992
h = 3.1136049846001
g = 2.7489644918044
m = 2.1719120614579
l = 2.0603957942436
w = 0.58236272878536
a = 0.54519063971395
k = 0.51863914752009
c = 0.32215810528552
p = 0.29029631465288
u = 0.17700994795908
i = 0.053102984387723
x = 0.033631890112224
b = 0.028321591673452
v = 0.0035401989591815
z = 0.0017700994795908

Benjamin
e = 18.716983334793
d = 12.072789889969
s = 10.963721799025
t = 9.8809211102355
n = 7.9400519510843
y = 6.708402650089
r = 6.2428859119166
o = 5.0900388173832
f = 4.1064705367306
g = 3.5315062895835
h = 2.8485538335814
l = 2.1145258733911
m = 1.7409450427575
w = 0.8507719697633
k = 0.77342906342118
p = 0.3940110323089
u = 0.33126112716341
a = 0.3122902256078
c = 0.23348801914602
x = 0.075883606222456
b = 0.053994104427517
z = 0.020430201675277
i = 0.018970901555614
v = 0.0014593001196626
j = 0.0014593001196626